111111100000000000000000000
111111010000000000000000000
111111001000000000000000000
111111000100000000000000000
111111000010000000000000000
111111000001000000000000000
111111000000100000000000000
111111000000010000000000000
111111000000001000000000000
111110110000000000000000000
111110100100000000000000000
111110100010000000000000000
111110100001000000000000000
111110100000100000000000000
111110100000010000000000000
111110100000000100000000000
111110011000000000000000000
111110010100000000000000000
111110010010000000000000000
111110010001000000000000000
111110010000100000000000000
111110010000010000000000000
111110010000000010000000000
111110001000000001000000000
111110000110000000000000000
111110000101000000000000000
111110000100100000000000000
111110000100010000000000000
111110000100000000100000000
111110000011000000000000000
111110000010100000000000000
111110000010010000000000000
111110000010000000010000000
111110000001100000000000000
111110000001010000000000000
111110000001001000000000000
111110000001000000001000000
111110000000110000000000000
111110000000100100000000000
111110000000100000000100000
111110000000011000000000000
111110000000010010000000000
111110000000010000000010000
111110000000001001000000000
111110000000001000000001000
111110000000000110000000000
111110000000000100000000100
111110000000000011000000000
111110000000000010000000010
111110000000000001000000001
111110000000000000110000000
111110000000000000100100000
111110000000000000011000000
111110000000000000010010000
111110000000000000001001000
111110000000000000000110000
111110000000000000000100100
111110000000000000000011000
111110000000000000000010010
111110000000000000000001001
111110000000000000000000110
111110000000000000000000011
111101110000000000000000000
111101101000000000000000000
111101100100000000000000000
111101100010000000000000000
111101100001000000000000000
111101100000100000000000000
111101100000001000000000000
111101100000000100000000000
111101011000000000000000000
111101010000000010000000000
111101001100000000000000000
111101001010000000000000000
111101001001000000000000000
111101001000100000000000000
111101001000001000000000000
111101001000000001000000000
111101000110000000000000000
111101000101000000000000000
111101000100100000000000000
111101000100001000000000000
111101000100000000100000000
111101000011000000000000000
111101000010100000000000000
111101000010010000000000000
111101000010001000000000000
111101000010000000010000000
111101000001100000000000000
111101000001001000000000000
111101000001000000001000000
111101000000110000000000000
111101000000101000000000000
111101000000100100000000000
111101000000100000000100000
111101000000011000000000000
111101000000010010000000000
111101000000010000000010000
111101000000001001000000000
111101000000001000000001000
111101000000000110000000000
111101000000000100000000100
111101000000000011000000000
111101000000000010000000010
111101000000000001000000001
111101000000000000110000000
111101000000000000100100000
111101000000000000011000000
111101000000000000010010000
111101000000000000001001000
111101000000000000000110000
111101000000000000000100100
111101000000000000000011000
111101000000000000000010010
111101000000000000000001001
111101000000000000000000110
111101000000000000000000011
111100111000000000000000000
111100110100000000000000000
111100110010000000000000000
111100110001000000000000000
111100110000100000000000000
111100110000000100000000000
111100110000000010000000000
111100101000000001000000000
111100100110000000000000000
111100100101000000000000000
111100100100100000000000000
111100100100000100000000000
111100100100000000100000000
111100100011000000000000000
111100100010100000000000000
111100100010010000000000000
111100100010000100000000000
111100100010000000010000000
111100100001100000000000000
111100100001001000000000000
111100100001000100000000000
111100100001000000001000000
111100100000110000000000000
111100100000100100000000000
111100100000100000000100000
111100100000011000000000000
111100100000010010000000000
111100100000010000000010000
111100100000001001000000000
111100100000001000000001000
111100100000000110000000000
111100100000000100000000100
111100100000000011000000000
111100100000000010000000010