111111000000000000000000000
111110100000000000000000000
111110010000000000000000000
111110000100000000000000000
111110000010000000000000000
111110000001000000000000000
111110000000100000000000000
111110000000010000000000000
111101100000000000000000000
111101001000000000000000000
111101000100000000000000000
111101000010000000000000000
111101000001000000000000000
111101000000100000000000000
111101000000001000000000000
111100110000000000000000000
111100100100000000000000000
111100100010000000000000000
111100100001000000000000000
111100100000100000000000000
111100100000000100000000000
111100000110000000000000000
111100000101000000000000000
111100000100100000000000000
111100000100000000100000000
111100000011000000000000000
111100000010100000000000000
111100000010010000000000000
111100000010000000010000000
111100000001100000000000000
111100000001001000000000000
111100000001000000001000000
111100000000110000000000000
111100000000100100000000000
111100000000100000000100000
111011010000000000000000000
111011001000000000000000000
111011000100000000000000000
111011000010000000000000000
111011000001000000000000000
111011000000010000000000000
111011000000001000000000000
111010110000000000000000000
111010011000000000000000000
111010010100000000000000000
111010010010000000000000000
111010010001000000000000000
111010010000010000000000000
111010010000000010000000000
111010000110000000000000000
111010000101000000000000000
111010000100100000000000000
111010000100010000000000000
111010000100000000100000000
111010000011000000000000000
111010000010010000000000000
111010000010000000010000000
111010000001010000000000000
111010000001001000000000000
111010000001000000001000000
111010000000110000000000000
111010000000011000000000000
111010000000010010000000000
111010000000010000000010000
111001011000000000000000000
111001001100000000000000000
111001001010000000000000000
111001001001000000000000000
111001001000001000000000000
111001001000000001000000000
111001000110000000000000000
111001000101000000000000000
111001000100100000000000000
111001000100001000000000000
111001000100000000100000000
111001000011000000000000000
111001000010010000000000000
111001000010001000000000000
111001000010000000010000000
111001000001001000000000000
111001000001000000001000000
111001000000011000000000000
111001000000001001000000000
111001000000001000000001000
111000000111000000000000000
111000000110100000000000000
111000000110010000000000000
111000000110000000100000000
111000000110000000010000000
111000000101100000000000000
111000000101001000000000000
111000000101000000100000000
111000000101000000001000000
111000000100110000000000000
111000000100100100000000000
111000000100100000100000000
111000000100100000000100000
111000000100000000110000000
111000000100000000100100000
111000000011010000000000000
111000000011001000000000000
111000000011000000010000000
111000000011000000001000000
111000000010110000000000000
111000000010011000000000000
111000000010010010000000000
111000000010010000010000000
111000000010010000000010000
111000000010000000110000000
111000000010000000011000000
111000000010000000010010000
111000000001011000000000000
111000000001001001000000000
111000000001001000001000000
111000000001001000000001000
111000000001000000011000000
111000000001000000001001000
110111100000000000000000000
110111010000000000000000000
110111001000000000000000000
110111000100000000000000000
110111000010000000000000000
110111000000100000000000000
110111000000010000000000000
110111000000001000000000000
110110110000000000000000000
110110100100000000000000000
110110100010000000000000000
110110100000100000000000000
110110100000010000000000000
110110100000000100000000000
110110011000000000000000000
110110010100000000000000000
110110010010000000000000000
110110010000100000000000000
110110010000010000000000000
110110010000000010000000000
110110000110000000000000000
110110000100100000000000000
110110000100010000000000000
110110000100000000100000000
110110000011000000000000000
110110000010100000000000000
110110000010010000000000000
110110000010000000010000000
110110000000110000000000000
110110000000100100000000000
110110000000100000000100000
110110000000011000000000000
110110000000010010000000000
110110000000010000000010000
110100111000000000000000000
110100110100000000000000000
110100110010000000000000000
110100110000100000000000000
110100110000000100000000000
110100110000000010000000000
110100100110000000000000000
110100100100100000000000000
110100100100000100000000000
110100100100000000100000000
110100100011000000000000000
110100100010100000000000000
110100100010010000000000000
110100100010000100000000000
110100100010000000010000000
110100100000110000000000000
110100100000100100000000000
110100100000100000000100000
110100100000000110000000000
110100100000000100000000100
110100000111000000000000000
110100000110100000000000000
110100000110010000000000000
110100000110000000100000000
110100000110000000010000000
110100000100110000000000000
110100000100100100000000000
110100000100100000100000000
110100000100100000000100000
110100000100000000110000000
110100000100000000100100000
110100000011100000000000000
110100000011010000000000000
110100000011001000000000000
110100000011000000010000000
110100000011000000001000000
110100000010110000000000000
110100000010100100000000000
110100000010100000010000000
110100000010100000000100000
110100000010011000000000000
110100000010010010000000000
110100000010010000010000000
110100000010010000000010000
110100000010000000110000000
110100000010000000011000000
110100000010000000010010000
110100000000111000000000000
110100000000110100000000000
110100000000110010000000000
110100000000110000000100000
110100000000110000000010000
110100000000100110000000000
110100000000100100000100000
110100000000100100000000100
110100000000100000100100000
110100000000100000000110000
110100000000100000000100100
110011110000000000000000000
110011011000000000000000000
110011010100000000000000000
110011010010000000000000000
110011010000010000000000000
110011010000001000000000000
110011010000000010000000000
110011001100000000000000000
110011001010000000000000000
110011001000010000000000000
110011001000001000000000000
110011001000000001000000000
110011000110000000000000000
110011000100100000000000000
110011000100010000000000000
110011000100001000000000000
110011000100000000100000000
110011000011000000000000000
110011000010010000000000000
110011000010001000000000000
110011000010000000010000000
110011000001001000000000000
110011000000110000000000000
110011000000011000000000000
110011000000010010000000000
110011000000010000000010000
110011000000001001000000000
110011000000001000000001000
110010111000000000000000000
110010110100000000000000000
110010110010000000000000000
110010110000010000000000000
110010110000000100000000000
110010110000000010000000000
110010011100000000000000000
110010011010000000000000000
110010011000010000000000000
110010011000000010000000000
110010011000000001000000000
110010010110000000000000000
110010010100100000000000000
110010010100010000000000000
110010010100000010000000000
110010010100000000100000000
110010010011000000000000000
110010010010010000000000000
110010010010000010000000000
110010010010000000010000000
110010010000110000000000000
110010010000011000000000000
110010010000010010000000000
110010010000010000000010000
110010010000000110000000000
110010010000000011000000000
110010010000000010000000010
110010000111000000000000000
110010000110100000000000000
110010000110010000000000000
110010000110000000100000000
110010000110000000010000000
110010000100110000000000000
110010000100100100000000000
110010000100100000100000000
110010000100100000000100000
110010000100011000000000000
110010000100010010000000000
110010000100010000100000000
110010000100010000000010000
110010000100000000110000000
110010000100000000100100000
110010000011010000000000000
110010000011001000000000000
110010000011000000010000000
110010000011000000001000000
110010000010110000000000000
110010000010011000000000000
110010000010010010000000000
110010000010010000010000000
110010000010010000000010000
110010000010000000110000000
110010000010000000011000000
110010000010000000010010000
110010000001011000000000000
110010000000111000000000000
110010000000110100000000000
110010000000110010000000000
110010000000110000000100000
110010000000110000000010000
110010000000011010000000000
110010000000011001000000000
110010000000011000000010000
110010000000011000000001000
110010000000010110000000000
110010000000010011000000000
110010000000010010000010000
110010000000010010000000010
110010000000010000010010000
110010000000010000000110000
110010000000010000000011000
110010000000010000000010010
110001000011001000000000000
110001000010011000000000000
110000100100100100000000000
110000010010010010000000000
110000000111100000000000000
110000000111010000000000000
110000000111001000000000000
110000000111000000100000000
110000000111000000010000000
110000000111000000001000000
110000000110110000000000000
110000000110100100000000000
110000000110100000100000000
110000000110100000010000000
110000000110100000000100000
110000000110011000000000000
110000000110010010000000000
110000000110010000100000000
110000000110010000010000000
110000000110010000000010000
110000000110000000110000000
110000000110000000100100000
110000000110000000011000000
110000000110000000010010000
110000000100111000000000000
110000000100110100000000000
110000000100110010000000000
110000000100110000100000000
110000000100110000000100000
110000000100110000000010000
110000000100100110000000000
110000000100100100100000000
110000000100100100000100000
110000000100100100000000100
110000000100100000110000000
110000000100100000100100000
110000000100100000000110000
110000000100100000000100100
110000000100000000111000000
110000000100000000110100000
110000000100000000110010000
110000000100000000100110000
110000000100000000100100100
110000000011110000000000000
110000000011011000000000000
110000000011010010000000000
110000000011010000010000000
110000000011010000001000000
110000000011010000000010000
110000000011001001000000000
110000000011001000010000000
110000000011001000001000000
110000000011001000000001000
110000000011000000110000000
110000000011000000011000000
110000000011000000010010000
110000000011000000001001000
110000000010111000000000000
110000000010110100000000000
110000000010110010000000000
110000000010110000010000000
110000000010110000000100000
110000000010110000000010000
110000000010011010000000000
110000000010011001000000000
110000000010011000010000000
110000000010011000000010000
110000000010011000000001000
110000000010010110000000000
110000000010010011000000000
110000000010010010010000000
110000000010010010000010000
110000000010010010000000010
110000000010010000110000000
110000000010010000011000000
110000000010010000010010000
110000000010010000000110000
110000000010010000000011000
110000000010010000000010010
110000000010000000111000000
110000000010000000110100000
110000000010000000110010000
110000000010000000011010000
110000000010000000011001000
110000000010000000010110000
110000000010000000010011000
110000000010000000010010010
101111100000000000000000000
101111010000000000000000000
101111001000000000000000000
101111000100000000000000000
101111000001000000000000000
101111000000100000000000000
101111000000010000000000000
101111000000001000000000000
101100000111000000000000000
101001000111000000000000000
101000000111100000000000000
101000000111010000000000000
101000000111001000000000000
101000000111000000100000000
101000000111000000010000000
101000000111000000001000000
100111110000000000000000000
100111101000000000000000000
100111100100000000000000000
100111100000100000000000000
100111100000010000000000000
100111100000001000000000000
100111100000000100000000000
100111011000000000000000000
100111010100000000000000000
100111010000100000000000000
100111010000010000000000000
100111010000001000000000000
100111010000000010000000000
100111001100000000000000000
100111001000100000000000000
100111001000010000000000000
100111001000001000000000000
100111001000000001000000000
100111000110000000000000000
100111000100100000000000000
100111000100010000000000000
100111000100001000000000000
100111000100000000100000000
100111000010010000000000000
100111000001001000000000000
100111000000110000000000000
100111000000101000000000000
100111000000100100000000000
100111000000100000000100000
100111000000011000000000000
100111000000010010000000000
100111000000010000000010000
100111000000001001000000000
100111000000001000000001000
100110111000000000000000000
100110110100000000000000000
100110110000100000000000000
100110110000010000000000000
100110110000000100000000000
100110110000000010000000000
100110100110000000000000000
100110100100100000000000000
100110100100010000000000000
100110100100000100000000000
100110100100000000100000000
100110100010010000000000000
100110100000110000000000000
100110100000100100000000000
100110100000100000000100000
100110100000011000000000000
100110100000010100000000000
100110100000010010000000000
100110100000010000000010000
100110100000000110000000000
100110100000000100000000100
100110011100000000000000000
100110011000100000000000000
100110011000010000000000000
100110011000000010000000000
100110011000000001000000000
100110010110000000000000000
100110010100100000000000000
100110010100010000000000000
100110010100000010000000000
100110010100000000100000000
100110010010010000000000000
100110010000110000000000000
100110010000100100000000000
100110010000100010000000000
100110010000100000000100000
100110010000011000000000000
100110010000010010000000000
100110010000010000000010000
100110010000000110000000000
100110010000000011000000000
100110010000000010000000010
100110000111000000000000000
100110000110100000000000000
100110000110010000000000000
100110000110000000100000000
100110000110000000010000000
100110000100110000000000000
100110000100100100000000000
100110000100100000100000000
100110000100100000000100000
100110000100011000000000000
100110000100010010000000000
100110000100010000100000000
100110000100010000000010000
100110000100000000110000000
100110000100000000100100000
100110000011010000000000000
100110000010110000000000000
100110000010011000000000000
100110000010010010000000000
100110000010010000010000000
100110000010010000000010000
100110000001011000000000000
100110000000111000000000000
100110000000110100000000000
100110000000110010000000000
100110000000110000000100000
100110000000110000000010000
100110000000100110000000000
100110000000100100000100000
100110000000100100000000100
100110000000100000100100000
100110000000100000000110000
100110000000100000000100100
100110000000011010000000000
100110000000011001000000000
100110000000011000000010000
100110000000011000000001000
100110000000010110000000000
100110000000010011000000000
100110000000010010000010000
100110000000010010000000010
100110000000010000010010000
100110000000010000000110000
100110000000010000000011000
100110000000010000000010010
100101111000000000000000000
100101000000111000000000000
100100111100000000000000000
100100111000100000000000000
100100111000000100000000000
100100111000000010000000000
100100111000000001000000000
100100110110000000000000000
100100110100100000000000000
100100110100000100000000000
100100110100000010000000000
100100110100000000100000000
100100110000110000000000000
100100110000100100000000000
100100110000100010000000000
100100110000100000000100000
100100110000010010000000000
100100110000000110000000000
100100110000000100000000100
100100110000000011000000000
100100110000000010000000010
100100100111000000000000000
100100100110100000000000000
100100100110010000000000000
100100100110000100000000000
100100100110000000100000000
100100100110000000010000000
100100100100110000000000000
100100100100100100000000000
100100100100100000100000000
100100100100100000000100000
100100100100000110000000000
100100100100000100100000000
100100100100000100000000100
100100100100000000110000000
100100100100000000100100000
100100100010110000000000000
100100100000111000000000000
100100100000110100000000000
100100100000110010000000000
100100100000110000000100000
100100100000110000000010000
100100100000100110000000000
100100100000100100000100000
100100100000100100000000100
100100100000100000100100000
100100100000100000000110000
100100100000100000000100100
100100100000010110000000000
100100100000000111000000000
100100100000000110000000100
100100100000000110000000010
100100100000000100000100100
100100100000000100000000110
100100010000110010000000000
100100010000100110000000000
100100000111100000000000000
100100000111010000000000000
100100000111001000000000000
100100000111000000100000000
100100000111000000010000000
100100000111000000001000000
100100000110110000000000000
100100000110100100000000000
100100000110100000100000000
100100000110100000010000000
100100000110100000000100000
100100000110011000000000000
100100000110010010000000000
100100000110010000100000000
100100000110010000010000000
100100000110010000000010000
100100000110000000110000000
100100000110000000100100000
100100000110000000011000000
100100000110000000010010000
100100000100111000000000000
100100000100110100000000000
100100000100110010000000000
100100000100110000100000000
100100000100110000000100000
100100000100110000000010000
100100000100100110000000000
100100000100100100100000000
100100000100100100000100000
100100000100100100000000100
100100000100100000110000000
100100000100100000100100000
100100000100100000000110000
100100000100100000000100100
100100000100000000111000000
100100000100000000110100000
100100000100000000110010000
100100000100000000100110000
100100000100000000100100100
100100000011110000000000000
100100000010111000000000000
100100000010110100000000000
100100000010110010000000000
100100000010110000010000000
100100000010110000000100000
100100000010110000000010000
100100000001111000000000000
100100000000111100000000000
100100000000111010000000000
100100000000111001000000000
100100000000111000000100000
100100000000111000000010000
100100000000111000000001000
100100000000110110000000000
100100000000110100000100000
100100000000110100000010000
100100000000110100000000100
100100000000110011000000000
100100000000110010000100000
100100000000110010000010000
100100000000110010000000010
100100000000110000100100000
100100000000110000010010000
100100000000110000000110000
100100000000110000000100100
100100000000110000000011000
100100000000110000000010010
100100000000100111000000000
100100000000100110000100000
100100000000100110000000100
100100000000100110000000010
100100000000100100100100000
100100000000100100000110000
100100000000100100000100100
100100000000100100000000110
100100000000100000110100000
100100000000100000100110000
100100000000100000100100100
100100000000100000010110000
100100000000100000000111000
100100000000100000000110100
100100000000100000000110010
100100000000100000000100110
100011000110010000000000000
100011000100110000000000000
100010010110010000000000000
100010010100110000000000000
100010000111010000000000000
100010000110110000000000000
100010000110011000000000000
100010000110010010000000000
100010000110010000100000000
100010000110010000010000000
100010000110010000000010000
100010000100111000000000000
100010000100110100000000000
100010000100110010000000000
100010000100110000100000000
100010000100110000000100000
100010000100110000000010000
100001000111001000000000000
100001000110011000000000000
100001000100111000000000000
100000110100100100000000000
100000100110100100000000000
100000100100110100000000000
100000100100100110000000000
100000100100100100100000000
100000100100100100000100000
100000100100100100000000100
100000010110010010000000000
100000010100110010000000000
100000010100100110000000000
100000000111110000000000000
100000000111101000000000000
100000000111100100000000000
100000000111100000100000000
100000000111100000010000000
100000000111100000001000000
100000000111100000000100000
100000000111011000000000000
100000000111010010000000000
100000000111010000100000000
100000000111010000010000000
100000000111010000001000000
100000000111010000000010000
100000000111001001000000000
100000000111001000100000000
100000000111001000010000000
100000000111001000001000000
100000000111001000000001000
100000000111000000110000000
100000000111000000101000000
100000000111000000100100000
100000000111000000011000000
100000000111000000010010000
100000000111000000001001000
100000000110111000000000000
100000000110110100000000000
100000000110110010000000000
100000000110110000100000000
100000000110110000010000000
100000000110110000000100000
100000000110110000000010000
100000000110100110000000000
100000000110100100100000000
100000000110100100010000000
100000000110100100000100000
100000000110100100000000100
100000000110100000110000000
100000000110100000100100000
100000000110100000011000000
100000000110100000010100000
100000000110100000010010000
100000000110100000000110000
100000000110100000000100100
100000000110011010000000000
100000000110011001000000000
100000000110011000100000000
100000000110011000010000000
100000000110011000000010000
100000000110011000000001000
100000000110010110000000000
100000000110010011000000000
100000000110010010100000000
100000000110010010010000000
100000000110010010000010000
100000000110010010000000010
100000000110010000110000000
100000000110010000100100000
100000000110010000100010000
100000000110010000011000000
100000000110010000010010000
100000000110010000000110000
100000000110010000000011000
100000000110010000000010010
100000000110000000111000000
100000000110000000110100000
100000000110000000110010000
100000000110000000100110000
100000000110000000100100100
100000000110000000011010000
100000000110000000011001000
100000000110000000010110000
100000000110000000010011000
100000000110000000010010010
100000000101111000000000000
100000000101000000111000000
100000000100111100000000000
100000000100111010000000000
100000000100111001000000000
100000000100111000100000000
100000000100111000000100000
100000000100111000000010000
100000000100111000000001000
100000000100110110000000000
100000000100110100100000000
100000000100110100000100000
100000000100110100000010000
100000000100110100000000100
100000000100110011000000000
100000000100110010100000000
100000000100110010000100000
100000000100110010000010000
100000000100110010000000010
100000000100110000110000000
100000000100110000100100000
100000000100110000100010000
100000000100110000010010000
100000000100110000000110000
100000000100110000000100100
100000000100110000000011000
100000000100110000000010010
100000000100100111000000000
100000000100100110100000000
100000000100100110000100000
100000000100100110000000100
100000000100100110000000010
100000000100100100110000000
100000000100100100100100000
100000000100100100100000100
100000000100100100000110000
100000000100100100000100100
100000000100100100000000110
100000000100100000111000000
100000000100100000110100000
100000000100100000110010000
100000000100100000100110000
100000000100100000100100100
100000000100100000010110000
100000000100100000000111000
100000000100100000000110100
100000000100100000000110010
100000000100100000000100110
100000000100010000110010000
100000000100010000100110000
100000000100000100100100100
100000000100000000111100000
100000000100000000111010000
100000000100000000111001000
100000000100000000110110000
100000000100000000110100100
100000000100000000110011000
100000000100000000110010010
100000000100000000100111000
100000000100000000100110100
100000000100000000100110010
100000000100000000100100110
011111100000000000000000000
011111010000000000000000000
011111001000000000000000000
011111000010000000000000000
011111000001000000000000000
011111000000100000000000000
011111000000010000000000000
011111000000001000000000000
011110110000000000000000000
011110100010000000000000000
011110100001000000000000000
011110100000100000000000000
011110100000010000000000000
011110100000000100000000000
011110011000000000000000000
011110010010000000000000000
011110010001000000000000000
011110010000100000000000000
011110010000010000000000000
011110010000000010000000000
011110000110000000000000000
011110000100100000000000000
011110000011000000000000000
011110000010100000000000000
011110000010010000000000000
011110000010000000010000000
011110000001100000000000000
011110000001010000000000000
011110000001001000000000000
011110000001000000001000000
011110000000110000000000000
011110000000100100000000000
011110000000100000000100000
011110000000011000000000000
011110000000010010000000000
011110000000010000000010000
011100000110100000000000000
011100000010110000000000000
011011110000000000000000000
011011000110000000000000000
011011000000110000000000000
011010111000000000000000000
011010110010000000000000000
011010110001000000000000000
011010110000010000000000000
011010110000000100000000000
011010110000000010000000000
011010010110000000000000000
011010010000110000000000000
011010010000000110000000000
011010000111000000000000000
011010000110100000000000000
011010000110010000000000000
011010000110000000100000000
011010000110000000010000000
011010000100110000000000000
011010000010110000000000000
011010000010000000110000000
011010000001110000000000000
011010000000111000000000000
011010000000110100000000000
011010000000110010000000000
011010000000110000000100000
011010000000110000000010000
011010000000010110000000000
011010000000010000000110000
011001111000000000000000000
011001001110000000000000000
011001000111000000000000000
011001000110100000000000000
011001000110010000000000000
011001000110001000000000000
011001000110000000100000000
011001000110000000010000000
011001000010110000000000000
011001000010000000110000000
011001000000111000000000000
011000000111100000000000000
011000000111010000000000000
011000000111001000000000000
011000000111000000100000000
011000000111000000010000000
011000000111000000001000000
011000000110110000000000000
011000000110100100000000000
011000000110100000100000000
011000000110100000010000000
011000000110100000000100000
011000000110011000000000000
011000000110010010000000000
011000000110010000100000000
011000000110010000010000000
011000000110010000000010000
011000000110000000110000000
011000000110000000100100000
011000000110000000011000000
011000000110000000010010000
011000000011110000000000000
011000000011000000110000000
011000000010111000000000000
011000000010110100000000000
011000000010110010000000000
011000000010110000010000000
011000000010110000000100000
011000000010110000000010000
011000000010010110000000000
011000000010010000110000000
011000000010010000000110000
011000000010000000111000000
011000000010000000110100000
011000000010000000110010000
011000000010000000010110000
011000000001111000000000000
011000000001000000111000000
010111110000000000000000000
010111101000000000000000000
010111100010000000000000000
010111100000100000000000000
010111100000010000000000000
010111100000001000000000000
010111100000000100000000000
010111011000000000000000000
010111010010000000000000000
010111010000100000000000000
010111010000010000000000000
010111010000001000000000000
010111010000000010000000000
010111001010000000000000000
010111001000100000000000000
010111001000010000000000000
010111001000001000000000000
010111001000000001000000000
010111000110000000000000000
010111000100100000000000000
010111000011000000000000000
010111000010100000000000000
010111000010010000000000000
010111000010001000000000000
010111000010000000010000000
010111000001001000000000000
010111000000110000000000000
010111000000101000000000000
010111000000100100000000000
010111000000100000000100000
010111000000011000000000000
010111000000010010000000000
010111000000010000000010000
010111000000001001000000000
010111000000001000000001000
010110111000000000000000000
010110110010000000000000000
010110110000100000000000000
010110110000010000000000000
010110110000000100000000000
010110110000000010000000000
010110100110000000000000000
010110100100100000000000000
010110100011000000000000000
010110100010100000000000000
010110100010010000000000000
010110100010000100000000000
010110100010000000010000000
010110100000110000000000000
010110100000100100000000000
010110100000100000000100000
010110100000011000000000000
010110100000010100000000000
010110100000010010000000000
010110100000010000000010000
010110100000000110000000000
010110100000000100000000100
010110011010000000000000000
010110011000100000000000000
010110011000010000000000000
010110011000000010000000000
010110011000000001000000000
010110010110000000000000000
010110010100100000000000000
010110010011000000000000000
010110010010100000000000000
010110010010010000000000000
010110010010000010000000000
010110010010000000010000000
010110010000110000000000000
010110010000100100000000000
010110010000100010000000000
010110010000100000000100000
010110010000011000000000000
010110010000010010000000000
010110010000010000000010000
010110010000000110000000000
010110010000000011000000000
010110010000000010000000010
010110000111000000000000000
010110000110100000000000000
010110000110010000000000000
010110000110000000100000000
010110000110000000010000000
010110000100110000000000000
010110000100100100000000000
010110000100100000100000000
010110000100100000000100000
010110000011100000000000000
010110000011010000000000000
010110000011001000000000000
010110000011000000010000000
010110000011000000001000000
010110000010110000000000000
010110000010100100000000000
010110000010100000010000000
010110000010100000000100000
010110000010011000000000000
010110000010010010000000000
010110000010010000010000000
010110000010010000000010000
010110000010000000110000000
010110000010000000011000000
010110000010000000010010000
010110000001011000000000000
010110000000111000000000000
010110000000110100000000000
010110000000110010000000000
010110000000110000000100000
010110000000110000000010000
010110000000100110000000000
010110000000100100000100000
010110000000100100000000100
010110000000100000100100000
010110000000100000000110000
010110000000100000000100100
010110000000011010000000000
010110000000011001000000000
010110000000011000000010000
010110000000011000000001000
010110000000010110000000000
010110000000010011000000000
010110000000010010000010000
010110000000010010000000010
010110000000010000010010000
010110000000010000000110000
010110000000010000000011000
010110000000010000000010010
010100100110100000000000000
010100100010110000000000000
010100000111100000000000000
010100000110110000000000000
010100000110100100000000000
010100000110100000100000000
010100000110100000010000000
010100000110100000000100000
010100000011110000000000000
010100000010111000000000000
010100000010110100000000000
010100000010110010000000000
010100000010110000010000000
010100000010110000000100000
010100000010110000000010000
010011111000000000000000000
010011110010000000000000000
010011110000010000000000000
010011110000001000000000000
010011110000000100000000000
010011110000000010000000000
010011010110000000000000000
010011010000110000000000000
010011010000000110000000000
010011001110000000000000000
010011001000110000000000000
010011000111000000000000000
010011000110100000000000000
010011000110010000000000000
010011000110001000000000000
010011000110000000100000000
010011000110000000010000000
010011000100110000000000000
010011000010110000000000000
010011000010000000110000000
010011000000111000000000000
010011000000110100000000000
010011000000110010000000000
010011000000110000000100000
010011000000110000000010000
010011000000010110000000000
010011000000010000000110000
010010111010000000000000000
010010111000010000000000000
010010111000000100000000000
010010111000000010000000000
010010111000000001000000000
010010110110000000000000000
010010110011000000000000000
010010110010010000000000000
010010110010000100000000000
010010110010000010000000000
010010110010000000010000000
010010110000110000000000000
010010110000100100000000000
010010110000011000000000000
010010110000010100000000000
010010110000010010000000000
010010110000010000000010000
010010110000000110000000000
010010110000000100000000100
010010110000000011000000000
010010110000000010000000010
010010100000110100000000000
010010100000010110000000000
010010011110000000000000000
010010011000110000000000000
010010011000000110000000000
010010010111000000000000000
010010010110100000000000000
010010010110010000000000000
010010010110000010000000000
010010010110000000100000000
010010010110000000010000000
010010010100110000000000000
010010010010110000000000000
010010010010000110000000000
010010010010000000110000000
010010010000111000000000000
010010010000110100000000000
010010010000110010000000000
010010010000110000000100000
010010010000110000000010000
010010010000100110000000000
010010010000010110000000000
010010010000010000000110000
010010010000000111000000000
010010010000000110000000100
010010010000000110000000010
010010010000000010000000110
010010000111100000000000000
010010000111010000000000000
010010000111001000000000000
010010000111000000100000000
010010000111000000010000000
010010000111000000001000000
010010000110110000000000000
010010000110100100000000000
010010000110100000100000000
010010000110100000010000000
010010000110100000000100000
010010000110011000000000000
010010000110010010000000000
010010000110010000100000000
010010000110010000010000000
010010000110010000000010000
010010000110000000110000000
010010000110000000100100000
010010000110000000011000000
010010000110000000010010000
010010000100111000000000000
010010000100110100000000000
010010000100110010000000000
010010000100110000100000000
010010000100110000000100000
010010000100110000000010000
010010000011110000000000000
010010000011000000110000000
010010000010111000000000000
010010000010110100000000000
010010000010110010000000000
010010000010110000010000000
010010000010110000000100000
010010000010110000000010000
010010000010010110000000000
010010000010010000110000000
010010000010010000000110000
010010000010000000111000000
010010000010000000110100000
010010000010000000110010000
010010000010000000010110000
010010000001111000000000000
010010000000111100000000000
010010000000111010000000000
010010000000111001000000000
010010000000111000000100000
010010000000111000000010000
010010000000111000000001000
010010000000110110000000000
010010000000110100000100000
010010000000110100000010000
010010000000110100000000100
010010000000110011000000000
010010000000110010000100000
010010000000110010000010000
010010000000110010000000010
010010000000110000100100000
010010000000110000010010000
010010000000110000000110000
010010000000110000000100100
010010000000110000000011000
010010000000110000000010010
010010000000011110000000000
010010000000011000000110000
010010000000010111000000000
010010000000010110000010000
010010000000010110000000100
010010000000010110000000010
010010000000010010000110000
010010000000010010000000110
010010000000010000110010000
010010000000010000100110000
010010000000010000010110000
010010000000010000000111000
010010000000010000000110100
010010000000010000000110010
010010000000010000000010110
010001000111001000000000000
010001000110011000000000000
010001000010111000000000000
010000110010010010000000000
010000100110100100000000000
010000100010110100000000000
010000100010010110000000000
010000010110010010000000000
010000010010110010000000000
010000010010010110000000000
010000000111110000000000000
010000000111101000000000000
010000000111100100000000000
010000000111100000100000000
010000000111100000010000000
010000000111100000001000000
010000000111100000000100000
010000000111011000000000000
010000000111010010000000000
010000000111010000100000000
010000000111010000010000000
010000000111010000001000000
010000000111010000000010000
010000000111001001000000000
010000000111001000100000000
010000000111001000010000000
010000000111001000001000000
010000000111001000000001000
010000000111000000110000000
010000000111000000101000000
010000000111000000100100000
010000000111000000011000000
010000000111000000010010000
010000000111000000001001000
010000000110111000000000000
010000000110110100000000000
010000000110110010000000000
010000000110110000100000000
010000000110110000010000000
010000000110110000000100000
010000000110110000000010000
010000000110100110000000000
010000000110100100100000000
010000000110100100010000000
010000000110100100000100000
010000000110100100000000100
010000000110100000110000000
010000000110100000100100000
010000000110100000011000000
010000000110100000010100000
010000000110100000010010000
010000000110100000000110000
010000000110100000000100100
010000000110011010000000000
010000000110011001000000000
010000000110011000100000000
010000000110011000010000000
010000000110011000000010000
010000000110011000000001000
010000000110010110000000000
010000000110010011000000000
010000000110010010100000000
010000000110010010010000000
010000000110010010000010000
010000000110010010000000010
010000000110010000110000000
010000000110010000100100000
010000000110010000100010000
010000000110010000011000000
010000000110010000010010000
010000000110010000000110000
010000000110010000000011000
010000000110010000000010010
010000000110000000111000000
010000000110000000110100000
010000000110000000110010000
010000000110000000100110000
010000000110000000100100100
010000000110000000011010000
010000000110000000011001000
010000000110000000010110000
010000000110000000010011000
010000000110000000010010010
010000000011111000000000000
010000000011110100000000000
010000000011110010000000000
010000000011110000010000000
010000000011110000001000000
010000000011110000000100000
010000000011110000000010000
010000000011010110000000000
010000000011010000110000000
010000000011010000000110000
010000000011001000110000000
010000000011000000111000000
010000000011000000110100000
010000000011000000110010000
010000000011000000010110000
010000000010111100000000000
010000000010111010000000000
010000000010111001000000000
010000000010111000010000000
010000000010111000000100000
010000000010111000000010000
010000000010111000000001000
010000000010110110000000000
010000000010110100010000000
010000000010110100000100000
010000000010110100000010000
010000000010110100000000100
010000000010110011000000000
010000000010110010010000000
010000000010110010000100000
010000000010110010000010000
010000000010110010000000010
010000000010110000110000000
010000000010110000100100000
010000000010110000011000000
010000000010110000010100000
010000000010110000010010000
010000000010110000000110000
010000000010110000000100100
010000000010110000000011000
010000000010110000000010010
010000000010100000110100000
010000000010100000010110000
010000000010011110000000000
010000000010011000110000000
010000000010011000000110000
010000000010010111000000000
010000000010010110010000000
010000000010010110000010000
010000000010010110000000100
010000000010010110000000010
010000000010010010110000000
010000000010010010000110000
010000000010010010000000110
010000000010010000111000000
010000000010010000110100000
010000000010010000110010000
010000000010010000100110000
010000000010010000010110000
010000000010010000000111000
010000000010010000000110100
010000000010010000000110010
010000000010010000000010110
010000000010000000111100000
010000000010000000111010000
010000000010000000111001000
010000000010000000110110000
010000000010000000110100100
010000000010000000110011000
010000000010000000110010010
010000000010000000011110000
010000000010000000010111000
010000000010000000010110100
010000000010000000010110010
010000000010000000010010110
001111110000000000000000000
001111101000000000000000000
001111100001000000000000000
001111100000100000000000000
001111100000010000000000000
001111100000001000000000000
001111100000000100000000000
001111011000000000000000000
001111010001000000000000000
001111010000100000000000000
001111010000010000000000000
001111010000001000000000000
001111010000000010000000000
001111001001000000000000000
001111001000100000000000000
001111001000010000000000000
001111001000001000000000000
001111001000000001000000000
001111000100100000000000000
001111000011000000000000000
001111000010010000000000000
001111000001100000000000000
001111000001010000000000000
001111000001001000000000000
001111000001000000001000000
001111000000110000000000000
001111000000101000000000000
001111000000100100000000000
001111000000100000000100000
001111000000011000000000000
001111000000010010000000000
001111000000010000000010000
001111000000001001000000000
001111000000001000000001000
001110000011010000000000000
001110000001011000000000000
001101111000000000000000000
001101000000111000000000000
001100000111100000000000000
001100000011110000000000000
001100000001111000000000000
001011111000000000000000000
001011110001000000000000000
001011110000010000000000000
001011110000001000000000000
001011110000000100000000000
001011110000000010000000000
001011010000110000000000000
001011010000000110000000000
001011001000110000000000000
001011000111000000000000000
001011000110010000000000000
001011000100110000000000000
001011000010110000000000000
001011000001110000000000000
001011000000111000000000000
001011000000110100000000000
001011000000110010000000000
001011000000110000000100000
001011000000110000000010000
001011000000010110000000000
001011000000010000000110000
001010000111010000000000000
001010000011110000000000000
001010000001111000000000000
001001111001000000000000000
001001111000001000000000000
001001111000000100000000000
001001111000000010000000000
001001111000000001000000000
001001011000000110000000000
001001001111000000000000000
001001001000111000000000000
001001001000000111000000000
001001000111100000000000000
001001000111010000000000000
001001000111001000000000000
001001000111000000100000000
001001000111000000010000000
001001000111000000001000000
001001000110011000000000000
001001000100111000000000000
001001000011110000000000000
001001000011000000110000000
001001000010111000000000000
001001000001111000000000000
001001000001000000111000000
001001000000111100000000000
001001000000111010000000000
001001000000111001000000000
001001000000111000000100000
001001000000111000000010000
001001000000111000000001000
001001000000011110000000000
001001000000011000000110000
001001000000001111000000000
001001000000001000000111000
001000000111110000000000000
001000000111101000000000000
001000000111100100000000000
001000000111100000100000000
001000000111100000010000000
001000000111100000001000000
001000000111100000000100000
001000000111011000000000000
001000000111010010000000000
001000000111010000100000000
001000000111010000010000000
001000000111010000001000000
001000000111010000000010000
001000000111001001000000000
001000000111001000100000000
001000000111001000010000000
001000000111001000001000000
001000000111001000000001000
001000000111000000110000000
001000000111000000101000000
001000000111000000100100000
001000000111000000011000000
001000000111000000010010000
001000000111000000001001000
001000000101111000000000000
001000000101000000111000000
001000000011111000000000000
001000000011110100000000000
001000000011110010000000000
001000000011110000010000000
001000000011110000001000000
001000000011110000000100000
001000000011110000000010000
001000000011010110000000000
001000000011010000110000000
001000000011010000000110000
001000000011001000110000000
001000000011000000111000000
001000000011000000110100000
001000000011000000110010000
001000000011000000010110000
001000000001111100000000000
001000000001111010000000000
001000000001111001000000000
001000000001111000001000000
001000000001111000000100000
001000000001111000000010000
001000000001111000000001000
001000000001011110000000000
001000000001011000000110000
001000000001001111000000000
001000000001001000111000000
001000000001001000000111000
001000000001000000111100000
001000000001000000111010000
001000000001000000111001000
001000000001000000011110000
001000000001000000001111000
000111100100100000000000000
000111100010010000000000000
000111100001001000000000000
000111010100100000000000000
000111010010010000000000000
000111010001001000000000000
000111001100100000000000000
000111001010010000000000000
000111001001001000000000000
000111000110100000000000000
000111000110010000000000000
000111000100110000000000000
000111000100101000000000000
000111000100100100000000000
000111000100100000100000000
000111000100100000000100000
000111000011010000000000000
000111000011001000000000000
000111000010110000000000000
000111000010011000000000000
000111000010010010000000000
000111000010010000010000000
000111000010010000000010000
000111000001101000000000000
000111000001011000000000000
000111000001001001000000000
000111000001001000001000000
000111000001001000000001000
000111000000100000100100000
000111000000010000010010000
000111000000001000001001000
000110110100100000000000000
000110110010010000000000000
000110100110100000000000000
000110100110010000000000000
000110100100110000000000000
000110100100100100000000000
000110100100100000100000000
000110100100100000000100000
000110100011010000000000000
000110100010110000000000000
000110100010011000000000000
000110100010010100000000000
000110100010010010000000000
000110100010010000010000000
000110100010010000000010000
000110100001011000000000000
000110100000100000100100000
000110100000010000010010000
000110011100100000000000000
000110011010010000000000000
000110010110100000000000000
000110010110010000000000000
000110010100110000000000000
000110010100100100000000000
000110010100100010000000000
000110010100100000100000000
000110010100100000000100000
000110010011010000000000000
000110010010110000000000000
000110010010011000000000000
000110010010010010000000000
000110010010010000010000000
000110010010010000000010000
000110010001011000000000000
000110010000100000100100000
000110010000010000010010000
000110000111100000000000000
000110000111010000000000000
000110000110110000000000000
000110000110100100000000000
000110000110100000100000000
000110000110100000010000000
000110000110100000000100000
000110000110011000000000000
000110000110010010000000000
000110000110010000100000000
000110000110010000010000000
000110000110010000000010000
000110000100111000000000000
000110000100110100000000000
000110000100110010000000000
000110000100110000100000000
000110000100110000000100000
000110000100110000000010000
000110000100100110000000000
000110000100100100100000000
000110000100100100000100000
000110000100100100000000100
000110000100100000110000000
000110000100100000100100000
000110000100100000000110000
000110000100100000000100100
000110000011110000000000000
000110000011011000000000000
000110000011010010000000000
000110000011010000010000000
000110000011010000001000000
000110000011010000000010000
000110000010111000000000000
000110000010110100000000000
000110000010110010000000000
000110000010110000010000000
000110000010110000000100000
000110000010110000000010000
000110000010011010000000000
000110000010011001000000000
000110000010011000010000000
000110000010011000000010000
000110000010011000000001000
000110000010010110000000000
000110000010010011000000000
000110000010010010010000000
000110000010010010000010000
000110000010010010000000010
000110000010010000110000000
000110000010010000011000000
000110000010010000010010000
000110000010010000000110000
000110000010010000000011000
000110000010010000000010010
000110000001111000000000000
000110000001011010000000000
000110000001011001000000000
000110000001011000001000000
000110000001011000000010000
000110000001011000000001000
000110000000110000100100000
000110000000110000010010000
000110000000100100100100000
000110000000100000110100000
000110000000100000100110000
000110000000100000100100100
000110000000100000010110000
000110000000011000010010000
000110000000011000001001000
000110000000010010010010000
000110000000010000110010000
000110000000010000100110000
000110000000010000011010000
000110000000010000010110000
000110000000010000010011000
000110000000010000010010010
000110000000010000001011000
000101000100111000000000000
000101000010111000000000000
000101000001111000000000000
000100111100100000000000000
000100110110100000000000000
000100110100110000000000000
000100110100100100000000000
000100110100100010000000000
000100110100100000100000000
000100110100100000000100000
000100110010110000000000000
000100110010010010000000000
000100110000100000100100000
000100100111100000000000000
000100100110110000000000000
000100100110100100000000000
000100100110100000100000000
000100100110100000010000000
000100100110100000000100000
000100100100111000000000000
000100100100110100000000000
000100100100110010000000000
000100100100110000100000000
000100100100110000000100000
000100100100110000000010000
000100100100100110000000000
000100100100100100100000000
000100100100100100000100000
000100100100100100000000100
000100100100100000110000000
000100100100100000100100000
000100100100100000000110000
000100100100100000000100100
000100100011110000000000000
000100100010111000000000000
000100100010110100000000000
000100100010110010000000000
000100100010110000010000000
000100100010110000000100000
000100100010110000000010000
000100100010010110000000000
000100100001111000000000000
000100100000110000100100000
000100100000110000010010000
000100100000100100100100000
000100100000100000110100000
000100100000100000100110000
000100100000100000100100100
000100100000100000010110000
000100100000000100100100100
000100010100110010000000000
000100010100100110000000000
000100010010110010000000000
000100000111110000000000000
000100000111101000000000000
000100000111100100000000000
000100000111100000100000000
000100000111100000010000000
000100000111100000001000000
000100000111100000000100000
000100000110111000000000000
000100000110110100000000000
000100000110110010000000000
000100000110110000100000000
000100000110110000010000000
000100000110110000000100000
000100000110110000000010000
000100000110100110000000000
000100000110100100100000000
000100000110100100010000000
000100000110100100000100000
000100000110100100000000100
000100000110100000110000000
000100000110100000100100000
000100000110100000011000000
000100000110100000010100000
000100000110100000010010000
000100000110100000000110000
000100000110100000000100100
000100000101111000000000000
000100000100111100000000000
000100000100111010000000000
000100000100111001000000000
000100000100111000100000000
000100000100111000000100000
000100000100111000000010000
000100000100111000000001000
000100000100110110000000000
000100000100110100100000000
000100000100110100000100000
000100000100110100000010000
000100000100110100000000100
000100000100110011000000000
000100000100110010100000000
000100000100110010000100000
000100000100110010000010000
000100000100110010000000010
000100000100110000110000000
000100000100110000100100000
000100000100110000100010000
000100000100110000010010000
000100000100110000000110000
000100000100110000000100100
000100000100110000000011000
000100000100110000000010010
000100000100100111000000000
000100000100100110100000000
000100000100100110000100000
000100000100100110000000100
000100000100100110000000010
000100000100100100110000000
000100000100100100100100000
000100000100100100100000100
000100000100100100000110000
000100000100100100000100100
000100000100100100000000110
000100000100100000111000000
000100000100100000110100000
000100000100100000110010000
000100000100100000100110000
000100000100100000100100100
000100000100100000010110000
000100000100100000000111000
000100000100100000000110100
000100000100100000000110010
000100000100100000000100110
000100000011111000000000000
000100000011110100000000000
000100000011110010000000000
000100000011110000010000000
000100000011110000001000000
000100000011110000000100000
000100000011110000000010000
000100000010111100000000000
000100000010111010000000000
000100000010111001000000000
000100000010111000010000000
000100000010111000000100000
000100000010111000000010000
000100000010111000000001000
000100000010110110000000000
000100000010110100010000000
000100000010110100000100000
000100000010110100000010000
000100000010110100000000100
000100000010110011000000000
000100000010110010010000000
000100000010110010000100000
000100000010110010000010000
000100000010110010000000010
000100000010110000110000000
000100000010110000100100000
000100000010110000011000000
000100000010110000010100000
000100000010110000010010000
000100000010110000000110000
000100000010110000000100100
000100000010110000000011000
000100000010110000000010010
000100000010100000110100000
000100000010100000010110000
000100000001111100000000000
000100000001111010000000000
000100000001111001000000000
000100000001111000001000000
000100000001111000000100000
000100000001111000000010000
000100000001111000000001000
000100000000111000100100000
000100000000111000010010000
000100000000111000001001000
000100000000110100100100000
000100000000110100010010000
000100000000110010100100000
000100000000110010010010000
000100000000110000110100000
000100000000110000110010000
000100000000110000100110000
000100000000110000100100100
000100000000110000011010000
000100000000110000010110000
000100000000110000010011000
000100000000110000010010010
000100000000110000001011000
000100000000100110100100000
000100000000100100110100000
000100000000100100100110000
000100000000100100100100100
000100000000100100010110000
000100000000100000111100000
000100000000100000110110000
000100000000100000110100100
000100000000100000100111000
000100000000100000100110100
000100000000100000100110010
000100000000100000100100110
000100000000100000011110000
000100000000100000010111000
000100000000100000010110100
000100000000100000010110010
000100000000100000001111000
000011110010010000000000000
000011110001001000000000000
000011010110010000000000000
000011010100110000000000000
000011010010110000000000000
000011001110010000000000000
000011001100110000000000000
000011001010110000000000000
000011000111010000000000000
000011000111001000000000000
000011000110110000000000000
000011000110011000000000000
000011000110010010000000000
000011000110010000100000000
000011000110010000010000000
000011000110010000000010000
000011000100111000000000000
000011000100110100000000000
000011000100110010000000000
000011000100110000100000000
000011000100110000000100000
000011000100110000000010000
000011000011110000000000000
000011000010111000000000000
000011000010110100000000000
000011000010110010000000000
000011000010110000010000000
000011000010110000000100000
000011000010110000000010000
000011000010010110000000000
000011000010010000110000000
000011000010010000000110000
000011000001111000000000000
000011000000110000100100000
000011000000110000010010000
000011000000010000110010000
000011000000010000100110000
000011000000010000010110000
000010111010010000000000000
000010110110010000000000000
000010110100110000000000000
000010110100100100000000000
000010110011010000000000000
000010110010110000000000000
000010110010011000000000000
000010110010010100000000000
000010110010010010000000000
000010110010010000010000000
000010110010010000000010000
000010110001011000000000000
000010110000010000010010000
000010100100110100000000000
000010100010110100000000000
000010100010010110000000000
000010011110010000000000000
000010011100110000000000000
000010011010110000000000000
000010010111010000000000000
000010010110110000000000000
000010010110011000000000000
000010010110010010000000000
000010010110010000100000000
000010010110010000010000000
000010010110010000000010000
000010010100111000000000000
000010010100110100000000000
000010010100110010000000000
000010010100110000100000000
000010010100110000000100000
000010010100110000000010000
000010010100100110000000000
000010010011110000000000000
000010010010111000000000000
000010010010110100000000000
000010010010110010000000000
000010010010110000010000000
000010010010110000000100000
000010010010110000000010000
000010010010010110000000000
000010010010010000110000000
000010010010010000000110000
000010010001111000000000000
000010010000110000100100000
000010010000110000010010000
000010010000010000110010000
000010010000010000100110000
000010010000010000010110000
000010000111110000000000000
000010000111011000000000000
000010000111010010000000000
000010000111010000100000000
000010000111010000010000000
000010000111010000001000000
000010000111010000000010000
000010000110111000000000000
000010000110110100000000000
000010000110110010000000000
000010000110110000100000000
000010000110110000010000000
000010000110110000000100000
000010000110110000000010000
000010000110011010000000000
000010000110011001000000000
000010000110011000100000000
000010000110011000010000000
000010000110011000000010000
000010000110011000000001000
000010000110010110000000000
000010000110010011000000000
000010000110010010100000000
000010000110010010010000000
000010000110010010000010000
000010000110010010000000010
000010000110010000110000000
000010000110010000100100000
000010000110010000100010000
000010000110010000011000000
000010000110010000010010000
000010000110010000000110000
000010000110010000000011000
000010000110010000000010010
000010000101111000000000000
000010000100111100000000000
000010000100111010000000000
000010000100111001000000000
000010000100111000100000000
000010000100111000000100000
000010000100111000000010000
000010000100111000000001000
000010000100110110000000000
000010000100110100100000000
000010000100110100000100000
000010000100110100000010000
000010000100110100000000100
000010000100110011000000000
000010000100110010100000000
000010000100110010000100000
000010000100110010000010000
000010000100110010000000010
000010000100110000110000000
000010000100110000100100000
000010000100110000100010000
000010000100110000010010000
000010000100110000000110000
000010000100110000000100100
000010000100110000000011000
000010000100110000000010010
000010000100010000110010000
000010000100010000100110000
000010000011111000000000000
000010000011110100000000000
000010000011110010000000000
000010000011110000010000000
000010000011110000001000000
000010000011110000000100000
000010000011110000000010000
000010000011010110000000000
000010000011010000110000000
000010000011010000000110000
000010000010111100000000000
000010000010111010000000000
000010000010111001000000000
000010000010111000010000000
000010000010111000000100000
000010000010111000000010000
000010000010111000000001000
000010000010110110000000000
000010000010110100010000000
000010000010110100000100000
000010000010110100000010000
000010000010110100000000100
000010000010110011000000000
000010000010110010010000000
000010000010110010000100000
000010000010110010000010000
000010000010110010000000010
000010000010110000110000000
000010000010110000100100000
000010000010110000011000000
000010000010110000010100000
000010000010110000010010000
000010000010110000000110000
000010000010110000000100100
000010000010110000000011000
000010000010110000000010010
000010000010011110000000000
000010000010011000110000000
000010000010011000000110000
000010000010010111000000000
000010000010010110010000000
000010000010010110000010000
000010000010010110000000100
000010000010010110000000010
000010000010010010110000000
000010000010010010000110000
000010000010010010000000110
000010000010010000111000000
000010000010010000110100000
000010000010010000110010000
000010000010010000100110000
000010000010010000010110000
000010000010010000000111000
000010000010010000000110100
000010000010010000000110010
000010000010010000000010110
000010000001111100000000000
000010000001111010000000000
000010000001111001000000000
000010000001111000001000000
000010000001111000000100000
000010000001111000000010000
000010000001111000000001000
000010000001011110000000000
000010000001011000000110000
000010000000111000100100000
000010000000111000010010000
000010000000111000001001000
000010000000110100100100000
000010000000110100010010000
000010000000110010100100000
000010000000110010010010000
000010000000110000110100000
000010000000110000110010000
000010000000110000100110000
000010000000110000100100100
000010000000110000011010000
000010000000110000010110000
000010000000110000010011000
000010000000110000010010010
000010000000110000001011000
000010000000011000110010000
000010000000011000100110000
000010000000011000010110000
000010000000010110010010000
000010000000010010110010000
000010000000010010100110000
000010000000010010010110000
000010000000010000111010000
000010000000010000110110000
000010000000010000110011000
000010000000010000110010010
000010000000010000100111000
000010000000010000100110100
000010000000010000100110010
000010000000010000011110000
000010000000010000010111000
000010000000010000010110100
000010000000010000010110010
000010000000010000010010110
000010000000010000001111000
000001111001001000000000000
000001001111001000000000000
000001001110011000000000000
000001001100111000000000000
000001001010111000000000000
000001001001111000000000000
000001000111101000000000000
000001000111011000000000000
000001000111001001000000000
000001000111001000100000000
000001000111001000010000000
000001000111001000001000000
000001000111001000000001000
000001000110111000000000000
000001000110011010000000000
000001000110011001000000000
000001000110011000100000000
000001000110011000010000000
000001000110011000000010000
000001000110011000000001000
000001000101111000000000000
000001000100111100000000000
000001000100111010000000000
000001000100111001000000000
000001000100111000100000000
000001000100111000000100000
000001000100111000000010000
000001000100111000000001000
000001000011111000000000000
000001000011001000110000000
000001000010111100000000000
000001000010111010000000000
000001000010111001000000000
000001000010111000010000000
000001000010111000000100000
000001000010111000000010000
000001000010111000000001000
000001000010011110000000000
000001000010011000110000000
000001000010011000000110000
000001000001111100000000000
000001000001111010000000000
000001000001111001000000000
000001000001111000001000000
000001000001111000000100000
000001000001111000000010000
000001000001111000000001000
000001000001011110000000000
000001000001011000000110000
000001000001001111000000000
000001000001001000111000000
000001000001001000000111000
000001000000111000100100000
000001000000111000010010000
000001000000111000001001000
000001000000011000110010000
000001000000011000100110000
000001000000011000010110000
000001000000001000111001000
000001000000001000110011000
000001000000001000100111000
000001000000001000010111000
000001000000001000001111000
000000111100100100000000000
000000111010010010000000000
000000111001001001000000000
000000110110100100000000000
000000110110010010000000000
000000110100110100000000000
000000110100110010000000000
000000110100100110000000000
000000110100100100100000000
000000110100100100000100000
000000110100100100000000100
000000110011010010000000000
000000110010110100000000000
000000110010110010000000000
000000110010011010000000000
000000110010010110000000000
000000110010010011000000000
000000110010010010010000000
000000110010010010000010000
000000110010010010000000010
000000110001011010000000000
000000110001001011000000000
000000110000100100100100000
000000110000010010010010000
000000110000000100100100100
000000110000000010010010010
000000100111100100000000000
000000100110110100000000000
000000100110100110000000000
000000100110100100100000000
000000100110100100010000000
000000100110100100000100000
000000100110100100000000100
000000100110010110000000000
000000100100111100000000000
000000100100110110000000000
000000100100110100100000000
000000100100110100000100000
000000100100110100000010000
000000100100110100000000100
000000100100100111000000000
000000100100100110100000000
000000100100100110000100000
000000100100100110000000100
000000100100100110000000010
000000100100100100110000000
000000100100100100100100000
000000100100100100100000100
000000100100100100000110000
000000100100100100000100100
000000100100100100000000110
000000100100000100100100100
000000100011110100000000000
000000100011010110000000000
000000100010111100000000000
000000100010110110000000000
000000100010110100010000000
000000100010110100000100000
000000100010110100000010000
000000100010110100000000100
000000100010011110000000000
000000100010010111000000000
000000100010010110010000000
000000100010010110000010000
000000100010010110000000100
000000100010010110000000010
000000100001111100000000000
000000100001011110000000000
000000100001001111000000000
000000100000110100100100000
000000100000110100010010000
000000100000100110100100000
000000100000100100110100000
000000100000100100100110000
000000100000100100100100100
000000100000100100010110000
000000100000010110010010000
000000100000000110100100100
000000100000000110010010010
000000100000000100110100100
000000100000000100100110100
000000100000000100100100110
000000100000000100010110100
000000100000000100010010110
000000011110010010000000000
000000011100110010000000000
000000011100100110000000000
000000011010110010000000000
000000011010010110000000000
000000010111010010000000000
000000010110110010000000000
000000010110100110000000000
000000010110011010000000000
000000010110010110000000000
000000010110010011000000000
000000010110010010100000000
000000010110010010010000000
000000010110010010000010000
000000010110010010000000010
000000010100111010000000000
000000010100110110000000000
000000010100110011000000000
000000010100110010100000000
000000010100110010000100000
000000010100110010000010000
000000010100110010000000010
000000010100100111000000000
000000010100100110100000000
000000010100100110000100000
000000010100100110000000100
000000010100100110000000010
000000010011110010000000000
000000010011010110000000000
000000010010111010000000000
000000010010110110000000000
000000010010110011000000000
000000010010110010010000000
000000010010110010000100000
000000010010110010000010000
000000010010110010000000010
000000010010011110000000000
000000010010010111000000000
000000010010010110010000000
000000010010010110000010000
000000010010010110000000100
000000010010010110000000010
000000010010010010110000000
000000010010010010000110000
000000010010010010000000110
000000010001111010000000000
000000010001011110000000000
000000010001001111000000000
000000010000110010100100000
000000010000110010010010000
000000010000100110100100000
000000010000010110010010000
000000010000010010110010000
000000010000010010100110000
000000010000010010010110000
000000010000000110100100100
000000010000000110010010010
000000010000000010110010010
000000010000000010100110010
000000010000000010100100110
000000010000000010010110010
000000010000000010010010110
000000001111001001000000000
000000001110011001000000000
000000001110010011000000000
000000001100111001000000000
000000001100110011000000000
000000001100100111000000000
000000001010111001000000000
000000001010110011000000000
000000001010010111000000000
000000001001111001000000000
000000001001001111000000000
